not_annotated/49056092946_b59e47c26d_z.jpg 301,246,369,368,0 183,298,218,207,6 317,280,357,393,0 129,247,215,209,0
not_annotated/49056093826_cca58d64a0_z.jpg 170,340,199,195,6 264,340,278,289,3
not_annotated/49056094511_a230403826_z.jpg 152,304,210,232,3 392,99,424,414,6 27,561,55,42,0 85,379,141,128,6 28,392,84,68,6 0,358,45,69,6 9,338,33,28,6 48,244,115,83,6 342,258,472,434,0 328,313,377,371,6 368,220,407,398,3 285,272,347,360,0 170,547,190,191,0 85,507,133,128,3 45,351,114,89,6 199,326,239,300,3 224,152,289,349,3 238,370,269,297,2 160,251,250,229,6 231,274,274,298,6 132,374,208,250,6
not_annotated/49056095401_da6d985702_z.jpg 299,252,345,342,0
not_annotated/49056095541_e1a9d2f6d1_z.jpg 411,151,478,449,3 231,388,286,263,3
not_annotated/49056097231_ba16859de8_z.jpg 147,83,177,175,6 184,222,286,255,6 115,363,218,203,0 151,39,195,201,0
not_annotated/49056097456_04b4555eee_z.jpg 450,593,471,475,6 221,232,326,357,0
not_annotated/49056099696_ceb90fed17_z.jpg 283,250,327,331,2 377,83,426,425,0 364,340,441,517,0
not_annotated/49056099741_c13ca67c23_z.jpg 262,265,283,279,6
not_annotated/49056099756_01c4d9fc0c_z.jpg 258,364,277,298,0 2,520,14,16,6 1,499,30,20,6
not_annotated/49056100556_7f92883dfe_z.jpg 148,223,227,186,6 315,1,480,478,1 332,206,395,371,0 351,160,371,380,0 351,241,383,376,6 175,261,195,203,6 271,231,307,302,6 279,184,302,293,6 129,145,255,186,6 105,126,124,120,6 125,69,260,183,1
not_annotated/49056101586_ecb8d7d419_z.jpg 252,265,385,370,0 303,223,392,385,0 163,310,201,196,0 161,83,209,185,6 365,89,402,378,6
not_annotated/49056101616_7144a79432_z.jpg 45,107,66,59,6 389,71,413,407,6 263,362,341,344,0 380,381,404,407,6 252,165,283,271,6 34,197,68,59,6
not_annotated/49056106486_05fb2e6cfe_z.jpg 49,372,74,59,6
not_annotated/49056107256_721795f96a_z.jpg 190,287,300,250,1
not_annotated/49056108241_ff8d6d3ca9_z.jpg 265,310,285,306,0 98,441,146,152,6
not_annotated/49056108456_8ba0ee98b4_z.jpg 223,296,248,244,6
not_annotated/49056109086_e67b0548d3_z.jpg 236,325,303,270,2
not_annotated/49056109266_6b3ba2d834_z.jpg 276,258,307,326,3
not_annotated/49056109631_189e3f1505_z.jpg 229,220,249,243,0 170,475,219,186,3 345,253,380,353,6
not_annotated/49056110711_bd0a0487c0_z.jpg 217,336,282,256,6
not_annotated/49056303762_0c53d08cd6_z.jpg 265,447,328,345,0 151,358,251,220,0
not_annotated/49056303822_99efeb9697_z.jpg 278,394,317,310,6
not_annotated/49056304407_5e2ef583d0_z.jpg 326,276,358,355,6 184,335,238,233,0
not_annotated/49056305862_916cee601c_z.jpg 223,377,376,286,4 0,248,190,56,1
not_annotated/49056305982_e17f758337_z.jpg 276,224,305,303,0 161,274,200,186,0 45,72,480,406,1
not_annotated/49056306267_31eb8986ba_z.jpg 110,605,133,143,1 261,418,290,285,6 254,413,479,481,1 13,407,77,86,1 93,504,168,133,1
not_annotated/49056306937_4c6168fb6e_z.jpg 186,318,255,262,6 333,301,374,376,6
not_annotated/49056307067_d44119ecae_z.jpg 236,334,305,341,3 224,330,278,324,3 288,279,325,328,3 191,314,241,269,3
not_annotated/49056307807_c449baa5d3_z.jpg 274,348,359,386,2
not_annotated/49056307917_70ba60ffcc_z.jpg 235,305,294,260,3 241,332,314,299,0 428,159,458,475,6
not_annotated/49056308987_615fc3db90_z.jpg 172,356,309,271,0
not_annotated/49056309097_2388f52aa7_z.jpg 226,332,285,283,0
not_annotated/49056309342_f75eac474e_z.jpg 452,147,473,461,6 294,327,433,480,0
not_annotated/49056310902_543e13a39b_z.jpg 333,315,387,382,6 73,79,151,126,4
not_annotated/49056311477_362501f3d1_z.jpg 78,440,180,138,6 189,410,255,264,6 214,485,316,267,6 257,455,314,310,6 231,362,288,274,6 289,345,430,385,6 291,605,313,314,6 376,504,432,414,6 206,264,267,312,6 38,69,73,74,6 369,237,412,395,6 214,97,330,288,3 30,218,163,139,6 151,276,207,235,0 352,546,436,446,6 63,524,138,179,4
not_annotated/49056313317_67e2837df5_z.jpg 229,160,275,249,0 150,98,187,164,3 216,169,255,232,3 337,273,374,357,3 173,298,199,221,3
not_annotated/49056314532_6b83a3a8a8_z.jpg 150,273,480,237,1 150,122,297,187,6 251,246,261,271,3 180,179,215,209,6
not_annotated/49056315327_a9e616cd2d_z.jpg 149,6,197,188,6 86,155,190,126,0 206,158,229,236,6 255,70,417,343,1
not_annotated/49056316127_d122cca0b9_z.jpg 211,323,226,224,6 133,284,177,156,6 144,258,214,157,6 293,484,325,318,6 243,2,318,311,6 217,343,265,285,6 382,421,433,449,6 126,323,182,184,0 215,238,317,275,4
not_annotated/49056318962_17271730be_z.jpg 196,85,309,358,0 230,592,266,260,2 411,359,417,420,6 405,123,423,423,6 169,301,191,186,6 205,399,221,215,6 223,328,282,255,6 93,357,171,156,0
not_annotated/49056324562_4cd108d4b4_z.jpg 224,247,289,270,0
not_annotated/49056325782_130bd19b14_z.jpg 206,428,317,266,0 136,168,150,154,6
not_annotated/49056327877_7a3f4c88aa_z.jpg 302,89,362,352,0 132,379,256,176,0
not_annotated/49056328982_dff3a4fbdb_z.jpg 147,336,303,230,0
not_annotated/49056329047_5af96751d5_z.jpg 166,187,322,321,6
not_annotated/49056329522_91253c804a_z.jpg 205,215,238,242,6
not_annotated/49493766278_ee0a431c7c_z.jpg 212,318,337,308,2
not_annotated/49493766318_804d480efe_z.jpg 176,270,217,273,0
not_annotated/49493766528_9b0e492a2c_z.jpg 200,267,273,236,6
not_annotated/49493771568_18dcf07b57_z.jpg 295,238,322,318,0 217,289,258,242,3
not_annotated/49494204913_1b807e7066_z.jpg 311,558,321,327,6 252,369,311,266,6 233,270,243,242,6
not_annotated/49494210328_5827e9c857_z.jpg 227,328,282,266,6
not_annotated/49494211113_4d3a271407_z.jpg 222,389,261,253,0
not_annotated/49494218933_b2048bc1e7_z.jpg 444,74,528,528,6 140,243,270,249,6 81,335,180,225,6 306,302,329,322,6 565,1,628,633,6 297,219,309,310,6 374,182,425,445,6
not_annotated/49494219303_0840a47c3a_z.jpg 289,432,309,299,6
not_annotated/49494219313_1f5033eb4c_z.jpg 305,160,367,363,4 384,367,394,392,0 338,412,347,347,0 348,319,384,365,3 351,224,389,373,6 261,340,388,400,6 100,450,166,129,6
not_annotated/49494219893_6ddaca526b_z.jpg 203,317,247,227,0 248,263,279,264,6
not_annotated/49494220243_c9f12cf4f8_z.jpg 146,280,160,153,6 162,304,168,173,6 77,343,83,81,6 129,332,134,133,6
not_annotated/49494220263_5e78d84aa7_z.jpg 362,154,390,409,0 334,197,358,362,0 345,174,350,354,0
not_annotated/49494220858_9cbc9c1437_z.jpg 297,365,337,319,6
not_annotated/49494221028_517d343402_z.jpg 132,395,209,165,6 340,132,386,378,0 370,279,460,465,6
not_annotated/49494221223_f1616a0387_z.jpg 480,257,491,488,6 221,268,265,255,0 161,253,176,173,6 161,289,187,179,0 290,220,302,298,6 440,233,462,453,0
not_annotated/49494223858_320567937c_z.jpg 147,159,168,157,0
not_annotated/49494223968_cbda092cca_z.jpg 3,174,40,38,1 172,132,259,271,1 0,63,78,117,1 194,83,239,246,6 304,30,328,359,6 340,9,387,370,1 409,101,459,438,6 360,66,383,382,6 151,182,177,189,6 118,133,138,154,6 134,36,152,173,6 21,37,50,43,6
not_annotated/49494260353_8c9ba9851c_z.jpg 235,145,259,246,0
not_annotated/49494260593_256a882dbe_z.jpg 236,315,295,320,0 275,478,438,437,6 0,246,151,220,6 346,229,479,455,6 295,241,327,693,6
not_annotated/49494261333_951c45472b_z.jpg 172,366,286,254,0
not_annotated/49494261473_7f69274152_z.jpg 235,132,349,414,0 0,575,48,35,6
not_annotated/49494264021_7c56f16c41_z.jpg 230,277,350,313,0 433,95,471,468,6
not_annotated/49494269156_4ca2097e4e_z.jpg 137,253,151,150,6 247,335,282,294,3 209,278,233,226,6 277,215,306,289,6
not_annotated/49494480802_fc98327a6c_z.jpg 259,275,279,267,0
not_annotated/49494485677_cc077afcca_z.jpg 116,422,284,231,6 88,514,117,109,6 275,205,309,347,3
not_annotated/49494694956_506c996d86_z.jpg 320,165,375,387,0 116,303,220,216,2 208,310,284,251,0 150,163,309,294,2
not_annotated/49494699631_4b24dbbc31_z.jpg 179,272,196,198,6 220,277,278,249,2 207,229,242,242,2 272,232,303,292,6 317,415,403,345,6 86,465,153,163,6 88,396,160,158,4 160,415,231,224,4
not_annotated/49494704446_93bfc9f1e3_z.jpg 130,429,187,157,6
not_annotated/49494704516_b478203957_z.jpg 181,309,199,209,0
not_annotated/49494704801_a99876d8c6_z.jpg 220,362,274,268,0
not_annotated/49494705986_6cd1241654_z.jpg 244,223,279,267,0
not_annotated/49494714196_2e99a3d69c_z.jpg 157,254,179,215,6 611,75,619,620,3 205,288,320,247,0 299,267,346,331,0 454,257,466,474,0 137,228,162,148,6 45,129,97,59,6 195,375,210,205,6 363,195,377,376,6 207,202,232,223,6 467,57,481,472,6 542,124,557,553,6
not_annotated/49494714421_ffc6c42d67_z.jpg 129,107,162,171,6 268,423,353,342,0
not_annotated/49494714481_ccceb27ee1_z.jpg 286,422,332,368,6 216,329,291,247,6 196,352,210,206,6 210,356,229,227,6 193,291,278,241,6 263,351,301,292,6
not_annotated/49494714531_8e3c33d181_z.jpg 38,219,94,103,1 125,317,222,159,1 186,307,253,250,6
not_annotated/49494714621_5cef5b498f_z.jpg 565,200,639,597,6 283,254,317,304,0 231,144,241,236,6
not_annotated/49494714751_376b685717_z.jpg 164,304,187,173,0 3,324,17,11,6 203,320,214,211,6
not_annotated/49494715241_4118a921c7_z.jpg 339,413,366,361,0 408,451,437,445,6 336,557,480,419,1 190,413,224,223,0 229,229,381,405,1 7,332,104,109,1 58,291,104,88,6 172,324,215,233,6
not_annotated/49494715516_07817162af_z.jpg 293,352,479,581,1
not_annotated/49494715891_303acb9487_z.jpg 220,263,260,241,6
not_annotated/49494718366_6918583383_z.jpg 362,291,414,403,0 154,173,236,233,4 171,293,254,244,6 61,194,185,167,0 332,159,378,371,6 208,82,329,290,6
not_annotated/49494755196_88f0bf1882_z.jpg 242,346,263,262,0
not_annotated/49494755386_6b286dea81_z.jpg 144,544,165,171,6 229,399,290,284,6
not_annotated/49494914247_11937765a7_z.jpg 310,357,341,327,0 328,286,343,342,6 337,329,381,359,0 304,231,328,320,6 138,272,154,155,0
not_annotated/49494923902_3b903f2d1c_z.jpg 266,321,295,299,6
not_annotated/49494924217_f31d7c7865_z.jpg 340,431,368,366,0
not_annotated/49494924557_126370180c_z.jpg 256,201,275,335,6
not_annotated/49494925412_b10ca87e3e_z.jpg 315,389,360,397,0
not_annotated/49494932957_cdb3117365_z.jpg 241,367,268,251,0
not_annotated/49494932962_fa69ba4438_z.jpg 241,349,257,253,0 202,254,210,209,0 286,247,317,300,0
not_annotated/49494933997_61185e99ea_z.jpg 351,1,445,498,1 270,162,391,358,0 155,313,355,309,1 441,158,480,527,0
not_annotated/49494934482_270bae7dfc_z.jpg 315,397,327,326,6 252,429,259,258,6 162,438,169,167,6 290,356,315,300,2 187,497,201,196,6
not_annotated/49494934522_301e9ac0ce_z.jpg 121,351,154,147,6 41,187,68,57,1 0,182,28,33,1 49,342,95,84,0 70,166,88,87,1 78,185,158,113,1 116,156,174,152,1 173,163,209,197,0 148,241,180,174,6 128,227,148,151,6 168,142,249,314,1 186,84,203,199,6 246,33,295,289,6 0,214,23,25,6
not_annotated/49494934857_919006af1a_z.jpg 339,419,347,349,6
not_annotated/49494937652_b3c48e818a_z.jpg 380,365,387,389,6
not_annotated/49494937782_71e253b38d_z.jpg 115,488,131,127,2 250,183,292,374,3 127,416,132,139,2
not_annotated/49494937922_875886f5bf_z.jpg 182,226,301,295,0
not_annotated/49494974552_32c84b3138_z.jpg 317,395,367,354,6 421,332,431,437,6
not_annotated/49494974752_7ffcfa81d1_z.jpg 228,432,322,260,0
not_annotated/49494975057_0662d5525f_z.jpg 191,428,245,251,0
not_annotated/49494975307_632ea2db53_z.jpg 130,295,139,138,6 211,375,312,296,0 46,292,67,55,6 189,296,210,200,6 261,299,280,271,6
not_annotated/49494975452_a2c59fbc73_z.jpg 366,288,404,445,6 59,220,206,166,0
not_annotated/49509940383_acb0088ef1_z.jpg 233,130,348,414,0 0,574,51,36,6
not_annotated/49509940743_a942a47d69_z.jpg 210,564,232,228,6 250,418,291,301,6 438,575,480,472,6 206,404,224,220,6
not_annotated/49509940763_1b50728306_z.jpg 164,277,188,200,6 278,333,302,304,6
not_annotated/49509940973_d23635102a_z.jpg 156,396,237,195,3 161,424,197,241,6 281,405,369,374,1 24,207,321,125,0
not_annotated/49509941193_953087d643_z.jpg 154,393,224,209,6 187,366,234,242,0 172,257,269,231,6 215,360,349,262,6 247,398,313,285,6 246,438,293,260,6
not_annotated/49509941678_80940d8ef0_z.jpg 333,451,418,415,0
not_annotated/49509942173_d83603f75c_z.jpg 206,306,290,342,6
not_annotated/49509942608_4df8621654_z.jpg 313,243,423,364,0 44,299,127,181,3
not_annotated/49509942743_88d2dfa761_z.jpg 279,302,413,336,6
not_annotated/49509943058_b429884da0_z.jpg 293,382,398,389,0 178,139,207,237,0
not_annotated/49509943573_ffc28c7f07_z.jpg 316,502,341,331,6 271,383,318,306,6
not_annotated/49509944598_0bffcdf274_z.jpg 314,509,341,369,0
not_annotated/49509944923_26d5ff4339_z.jpg 132,458,171,177,0 221,139,333,288,6
not_annotated/49509944993_69ef23273c_z.jpg 282,356,380,357,6
not_annotated/49509945388_a02aa12967_z.jpg 202,346,249,268,0 83,507,110,123,6
not_annotated/49509945483_2b549d0972_z.jpg 271,369,341,289,6 307,551,361,335,0 433,583,457,489,6 0,544,116,53,1
not_annotated/49509945783_d347b97312_z.jpg 280,607,292,294,6 233,464,283,262,6
not_annotated/49509946038_723684b669_z.jpg 221,170,360,389,0
not_annotated/49509946213_191ab5a034_z.jpg 183,227,317,274,6
not_annotated/49510450401_74ba8e53d7_z.jpg 233,164,323,348,2 9,215,31,25,6
not_annotated/49510451406_82f231374c_z.jpg 201,241,269,322,0
not_annotated/49510451796_50dc32968e_z.jpg 212,157,275,309,2
not_annotated/49510452161_32d68142d5_z.jpg 167,380,296,249,6
not_annotated/49510452916_bdbaf9337a_z.jpg 243,325,315,286,3
not_annotated/49510453061_18cf3134f9_z.jpg 157,379,208,206,2 8,153,37,34,6
not_annotated/49510453436_09ff445332_z.jpg 255,351,352,383,6 4,63,156,121,6
not_annotated/49510453646_c11cb778e4_z.jpg 426,495,448,443,6 446,503,465,470,6 192,160,269,223,2 250,438,278,270,3 175,159,191,184,6 212,132,265,246,1 414,183,422,429,3 88,355,118,105,2
not_annotated/49510454226_fc4cc23696_z.jpg 122,239,229,223,6
not_annotated/49510454691_aca8ea6f4b_z.jpg 271,218,371,331,0 156,201,201,189,0 57,619,82,78,0 270,556,293,299,6
not_annotated/49510680702_43c3cf5e8c_z.jpg 354,195,424,376,6 292,363,315,309,6 215,191,286,250,6
not_annotated/49510680797_b0551c9a71_z.jpg 178,351,269,267,0
not_annotated/49510681192_3219869551_z.jpg 209,438,333,251,2
not_annotated/49510682012_bf9742be6e_z.jpg 0,554,49,21,6 275,522,303,309,6 426,410,448,438,6 185,313,270,245,6 118,244,195,153,1
not_annotated/49510683017_5d4d5e280f_z.jpg 415,389,428,443,6 167,405,178,195,6 58,523,99,108,6 348,598,367,378,6 360,453,444,437,1 249,463,262,265,6 468,526,476,481,6 329,484,402,421,0 350,370,378,362,0
not_annotated/49510683402_b786de633f_z.jpg 261,499,342,308,0 205,348,214,213,0
not_annotated/49510683472_fa189c399c_z.jpg 235,367,263,264,0 255,418,278,281,1
not_annotated/49510683662_38050723ef_z.jpg 287,263,430,384,1 131,196,254,277,2
not_annotated/49510684857_25b55de558_z.jpg 225,333,273,282,0
not_annotated/49510685332_8d18821031_z.jpg 250,391,281,279,6
not_annotated/49578157083_8c50a4cff3_z.jpg 250,218,264,271,0
not_annotated/49578157118_81ce2ce59d_z.jpg 220,402,254,275,0
not_annotated/49578157993_3ae2d3bb8a_z.jpg 207,431,252,240,6
not_annotated/49578158053_fbf4ae15b9_z.jpg 306,543,384,397,1 231,406,271,300,0 1,574,129,46,1 310,387,424,412,1
not_annotated/49578158443_6713f2f15d_z.jpg 240,224,251,249,6 251,458,288,268,0 150,220,163,157,6 76,276,83,83,6
not_annotated/49578158533_48cf4dcfb0_z.jpg 177,269,359,334,6 108,318,123,121,3
not_annotated/49578159103_a6b88ea622_z.jpg 182,404,263,277,2 83,424,134,137,1 80,476,97,99,6 120,409,176,171,4 0,302,243,112,1
not_annotated/49578159328_930ae7a633_z.jpg 206,520,273,261,6 40,239,100,110,6 417,413,480,485,6 282,198,386,383,0 164,383,261,257,0
not_annotated/49578160248_afd98d6327_z.jpg 211,442,297,266,6
not_annotated/49578161758_d499b1b430_z.jpg 433,578,480,491,6 0,222,87,58,6 69,367,111,129,2 107,312,161,148,2 10,436,64,35,2 0,461,47,25,2 101,399,158,164,6 184,219,205,199,6 76,193,108,92,6 31,281,149,67,0 166,387,257,226,6
not_annotated/49578162448_f97a05d907_z.jpg 383,282,395,392,6 319,241,335,329,6 341,240,356,358,6 175,344,194,202,6
not_annotated/49578162568_e67743d7f4_z.jpg 215,212,263,247,6 230,264,295,298,4
not_annotated/49578163168_4c83c11540_z.jpg 142,345,249,193,2 36,367,126,123,6
not_annotated/49578163308_0e64c45658_z.jpg 114,265,156,167,6 259,330,315,342,6 186,522,243,221,0 156,558,274,238,6
not_annotated/49578163733_86d8279097_z.jpg 163,349,324,373,0 21,355,113,94,6 397,364,475,534,6 0,568,94,71,0
not_annotated/49578164238_1b191fc06c_z.jpg 241,304,295,288,2 122,256,162,143,2 240,275,283,264,6 413,200,460,449,6 0,204,112,59,2 202,232,291,236,0 0,467,42,115,6 296,35,318,318,6 269,180,277,277,6 361,384,406,437,0 292,271,312,334,0 114,291,238,225,2 335,481,372,359,2
not_annotated/49578164908_d92393b78e_z.jpg 310,399,370,373,6
not_annotated/49578165008_bcf00973e5_z.jpg 214,172,237,230,2 351,191,375,371,6 348,239,375,360,6
not_annotated/49578167623_a29d5b948e_z.jpg 1,253,51,40,6 117,164,152,170,0 99,151,137,126,6 273,44,317,323,0 240,307,320,304,0 121,118,173,163,0 211,124,238,229,6 249,91,317,281,1 96,22,171,149,1
not_annotated/49578168008_abfb761a81_z.jpg 601,331,640,656,0 545,287,601,614,0 463,331,521,489,0 310,262,495,475,1 8,289,64,57,2
not_annotated/49578169093_a695c30dde_z.jpg 440,271,466,462,6 504,312,555,541,6 113,284,170,160,2
not_annotated/49578169133_a338141412_z.jpg 430,67,457,447,6 262,266,296,277,6 398,265,520,503,2 72,251,256,185,2 497,239,533,523,3 358,130,384,375,6
not_annotated/49578169528_d66c40bbcd_z.jpg 272,217,308,311,6 479,237,520,526,0
not_annotated/49578169808_6b7fae5f52_z.jpg 237,547,280,272,6 202,405,242,244,6 239,303,271,270,0
not_annotated/49578170088_3bf40f87b7_z.jpg 293,171,403,425,2 174,46,296,238,0 401,159,471,488,2 308,328,329,326,3 264,394,296,290,3 24,252,61,65,3 124,209,289,291,3 353,0,438,390,1 63,386,147,156,6
not_annotated/49578170908_d15e303ee6_z.jpg 83,29,100,93,6 231,318,287,282,0 333,465,414,348,6 222,188,264,269,6 415,451,467,444,6 156,214,171,177,6 397,321,424,432,6 94,61,110,108,6 402,149,496,503,4 325,235,352,382,6
not_annotated/49578171353_f406e3ce03_z.jpg 160,204,188,176,6 185,382,206,213,0
not_annotated/49578171708_2c949c7a1b_z.jpg 229,391,265,247,6 272,11,321,299,2 430,322,448,451,6 230,324,310,284,2
not_annotated/49578171793_de9eb8fd11_z.jpg 136,234,151,152,6 459,166,480,511,2 62,284,110,116,6 127,321,173,149,6
not_annotated/49578172163_a945565953_z.jpg 137,418,187,185,6 281,131,434,420,6 123,144,249,214,6
not_annotated/49578172493_91d63092ca_z.jpg 252,594,279,276,6 69,106,111,87,6 441,281,480,506,6 198,380,252,328,6
not_annotated/49578173538_680a3ab5f9_z.jpg 149,349,213,201,2 199,81,405,403,2 158,269,299,273,4
not_annotated/49578173808_be200f1532_z.jpg 239,378,317,331,6 284,267,354,320,2 310,248,354,330,4 362,496,399,393,6 392,475,477,433,6 413,387,436,435,6 364,424,410,421,1
not_annotated/49578174613_2eec9ce8f5_z.jpg 131,311,270,234,0
not_annotated/49578175608_dd8a774234_z.jpg 28,409,152,151,2 10,477,45,80,6 160,49,245,241,4 299,401,359,465,0 214,356,306,342,0 191,175,342,388,2 105,49,224,267,2
not_annotated/49578175893_961107ae21_z.jpg 313,402,381,375,0 189,389,220,217,6 281,194,391,346,6 272,128,359,331,6
not_annotated/49578176683_8b31b8ca38_z.jpg 137,370,238,184,0 417,173,474,502,0 120,58,161,152,0 282,22,299,298,6 146,365,348,354,2
not_annotated/49578177048_162684969e_z.jpg 91,314,160,196,0 0,495,41,60,6 286,442,350,317,2 229,331,296,260,6
not_annotated/49578178118_9c4588d97e_z.jpg 172,329,250,242,4 28,11,144,98,6 97,137,124,117,6
not_annotated/49578178503_3e4214fd2c_z.jpg 280,215,325,311,0 183,303,250,247,0 296,357,425,393,0
not_annotated/49578178828_d734cd7df6_z.jpg 353,283,431,404,0 441,341,519,484,6 94,287,318,199,0
not_annotated/49578179038_6ae4746db9_z.jpg 189,188,318,242,0 326,230,429,441,6
not_annotated/49578180433_cd1b14f05d_z.jpg 0,470,34,74,6 203,468,270,342,6 26,579,56,56,6 266,464,308,314,6 171,60,247,327,2
not_annotated/49578180553_6db03bd0da_z.jpg 60,174,116,101,6 211,502,286,285,6 392,130,420,406,6 122,305,210,178,0 132,27,174,149,6
not_annotated/49578180768_00840213a0_z.jpg 257,159,307,286,6 261,185,340,336,2 98,253,271,337,1 442,291,480,477,6
not_annotated/49578180953_20f530b843_z.jpg 330,539,370,377,6 101,327,263,167,0 309,356,381,379,6 117,354,211,185,6 388,561,457,467,2 280,524,331,327,2 105,424,228,209,6 81,580,117,111,2
not_annotated/49578181008_c6ca012d1c_z.jpg 302,195,335,322,6
not_annotated/49578181293_e55a6df0e0_z.jpg 31,8,84,50,6 200,78,253,226,1 25,112,63,55,6 152,376,169,170,6 373,310,434,433,0
not_annotated/49578181828_47f0325eac_z.jpg 314,260,365,409,0 66,180,100,106,6
not_annotated/49578182153_44d77d4f56_z.jpg 219,364,263,295,0
not_annotated/49578182228_a9b096c046_z.jpg 235,224,285,322,0
not_annotated/49578182788_12d773f39e_z.jpg 453,207,500,487,6 292,212,316,311,0 325,284,357,388,0 336,113,390,383,0 236,22,292,268,2
not_annotated/49578183053_eee9cfd785_z.jpg 126,98,209,173,6 311,146,379,330,0
not_annotated/49578184058_24b3276986_z.jpg 455,285,470,465,6 344,208,364,361,6 277,118,312,303,6
not_annotated/49578184568_76bbef8f08_z.jpg 266,0,327,291,6 119,280,181,212,6 0,324,47,44,6 161,63,257,220,0 364,135,411,428,6 85,424,160,140,6 284,255,372,401,0
not_annotated/49578184858_9836713d73_z.jpg 125,221,262,209,0 371,73,408,409,6 394,440,479,434,6
not_annotated/49578185043_1a9598e670_z.jpg 105,23,190,172,6 0,161,174,194,0 330,83,407,404,6 84,234,207,213,0 88,131,117,114,6 323,300,342,380,6 0,64,88,117,6 340,188,415,406,6 125,113,150,148,4
not_annotated/49578185198_2224c13671_z.jpg 169,1,198,229,6 397,344,438,420,6 314,277,349,335,6 258,252,299,288,6 134,123,259,216,6 0,331,38,45,6 32,377,93,102,0 254,209,302,297,0
not_annotated/49578185433_a61bbd3825_z.jpg 288,65,322,312,6 424,0,477,461,6 426,154,483,482,0 116,134,184,179,0 220,207,298,294,6 398,111,459,437,6 360,50,417,404,6 245,107,297,293,6
not_annotated/49578185593_95284803c7_z.jpg 260,148,297,288,6
not_annotated/49578185673_14da56943d_z.jpg 273,284,298,297,0
not_annotated/49578185788_d90e051fb2_z.jpg 212,483,228,221,2 315,456,330,329,2 320,117,325,332,2 161,395,182,169,2
not_annotated/49578661931_793f253c04_z.jpg 248,236,311,294,0
not_annotated/49578662566_ac5acbb955_z.jpg 164,197,202,192,0
not_annotated/49578663921_ffe2262c19_z.jpg 48,243,229,202,4 88,415,311,243,2 6,290,47,42,6
not_annotated/49578664361_10435cd338_z.jpg 130,343,219,204,0 373,361,479,489,2 250,464,304,306,2 0,351,68,58,6
not_annotated/49578664526_378737a111_z.jpg 128,38,203,176,2 219,406,302,293,6 363,471,406,410,0 151,220,208,206,0 0,53,30,24,0 57,81,87,78,2 218,430,267,279,0
not_annotated/49578664901_7b33b6b83a_z.jpg 143,520,233,209,0 0,111,208,198,2 276,256,396,403,0
not_annotated/49578665816_6667c82b98_z.jpg 237,506,297,287,6
not_annotated/49578666576_fe68750ab6_z.jpg 235,508,289,262,4 162,423,229,217,0 183,510,235,202,0 285,439,335,308,6
not_annotated/49578666756_075eef6825_z.jpg 114,343,193,203,6
not_annotated/49578666961_90d6d0f3af_z.jpg 267,212,367,327,6 105,361,235,168,6 266,293,335,315,6 100,0,136,125,6 7,12,30,20,6
not_annotated/49578667221_701087e60f_z.jpg 192,531,231,218,6 22,364,61,61,6 24,290,42,40,6 135,236,163,168,0 143,277,191,165,6 69,360,118,125,6
not_annotated/49578668016_c0a3e7f20b_z.jpg 385,300,416,408,6 232,407,269,300,6
not_annotated/49578668396_13c95e197e_z.jpg 92,210,131,146,0 140,152,211,190,0 435,441,460,456,0 225,333,262,286,6
not_annotated/49578668961_b1c18b6997_z.jpg 257,415,337,320,6 13,307,43,58,6 217,205,278,318,0 205,413,278,269,6
not_annotated/49578669351_448fe5977f_z.jpg 321,221,543,392,2 560,306,638,604,2 550,376,640,606,2
not_annotated/49578669811_54f9719ffa_z.jpg 247,429,327,286,0 20,290,66,45,6 301,340,334,331,6 248,279,288,299,0 112,318,242,186,0 392,76,427,412,6
not_annotated/49578671046_9f25ffe852_z.jpg 231,242,275,323,6 196,268,233,236,0 41,470,94,105,6
not_annotated/49578671191_91f68ffc18_z.jpg 318,332,384,368,0 197,558,245,248,6 193,346,252,239,0
not_annotated/49578671281_1652f4f192_z.jpg 214,378,229,230,6
not_annotated/49578671626_55119e0e41_z.jpg 212,457,411,266,0 315,429,395,386,4 229,245,332,320,6 1,473,161,85,0
not_annotated/49578672186_d6a1cd460d_z.jpg 277,242,347,315,0 292,317,392,314,0
not_annotated/49578672471_e9c45d5dc4_z.jpg 333,161,364,367,2 306,270,320,333,6 198,353,287,275,6 435,332,480,497,0 270,83,323,318,6 235,69,275,280,6 193,389,243,274,0 255,341,291,287,0
not_annotated/49578672506_77a75cbf71_z.jpg 279,298,334,308,0 105,232,154,188,0 217,268,325,264,0
not_annotated/49578673041_84ab245a96_z.jpg 109,237,301,282,6 187,384,250,260,0
not_annotated/49578673276_f8e700522e_z.jpg 111,288,133,151,0 30,251,135,112,2 303,278,379,395,0 276,390,320,319,0 171,278,218,195,6 129,248,193,155,0
not_annotated/49578673686_54e2bcb2ef_z.jpg 166,411,250,227,6 251,303,299,296,6
not_annotated/49578673801_08c491e1ec_z.jpg 180,450,201,231,0 179,503,240,232,6 41,311,77,60,6
not_annotated/49578674091_c83cfcaba2_z.jpg 182,328,270,264,0 221,501,282,288,2 73,613,160,99,6
not_annotated/49578674636_fef12444d5_z.jpg 393,222,480,448,2 244,431,287,270,0
not_annotated/49578674836_daf1dd02f5_z.jpg 165,387,321,225,6 182,259,218,247,0 217,306,251,252,0
not_annotated/49578675576_165b709f78_z.jpg 275,391,344,340,6 10,226,123,71,0 262,114,318,301,0
not_annotated/49578675706_42906d945a_z.jpg 270,217,380,313,6 368,304,480,451,0 277,516,336,329,0 212,575,441,276,6 225,340,261,281,0 414,506,450,450,0 208,477,252,245,6 334,366,360,408,6 400,459,432,442,6
not_annotated/49578676536_592750c7c9_z.jpg 350,543,365,365,0 22,160,66,37,6 369,338,425,396,6 189,325,234,233,6 8,429,72,30,6 15,322,52,52,6 105,383,192,147,0
not_annotated/49578676856_190a7c7dd5_z.jpg 96,0,154,176,6 80,311,155,179,6 132,567,321,203,6 165,215,247,351,0 269,96,297,282,6 161,1,198,179,6 307,0,375,345,6 34,22,76,116,0 257,295,413,435,6 219,0,259,231,6
not_annotated/49578676916_f5386d3663_z.jpg 327,281,371,349,2
not_annotated/49578677531_abfaf71095_z.jpg 370,437,399,395,0
not_annotated/49578678556_1377f62fe0_z.jpg 252,261,418,326,0 389,402,440,437,6 304,449,320,327,6
not_annotated/49578678586_93d632647e_z.jpg 309,233,404,318,0 113,221,134,138,6 158,158,194,194,0 49,314,77,98,6 318,275,342,343,6
not_annotated/49578678701_56a9c03ed1_z.jpg 94,30,162,147,6 53,0,104,67,6 148,261,291,200,0 433,196,477,519,0 363,245,384,388,4
not_annotated/49578678956_c9afa059b4_z.jpg 194,225,263,288,6 405,4,491,548,6 529,149,640,658,2 491,275,571,572,4 495,0,538,522,6 322,191,360,379,6 295,145,329,362,0 222,165,267,278,6
not_annotated/49578679301_186a756562_z.jpg 383,70,427,442,2 263,23,373,294,2 346,130,379,373,6 388,125,444,450,6 432,267,480,477,6 367,389,405,424,0 350,7,397,367,4
not_annotated/49578679741_31e9dc5758_z.jpg 230,218,305,302,6 361,166,429,425,6
not_annotated/49578680256_40893663e8_z.jpg 122,320,181,195,4 327,98,348,359,2
not_annotated/49578680561_4cc8d6f14e_z.jpg 314,291,393,443,0 403,281,412,411,6 199,22,226,214,6
not_annotated/49578680716_ccbca7f6a8_z.jpg 232,121,267,278,2 189,252,340,391,0
not_annotated/49578681566_1731ac333e_z.jpg 114,282,185,179,0 188,274,230,231,1 80,238,133,113,1 71,108,89,83,1 0,111,43,46,6 173,206,241,229,0 319,390,333,334,6 341,329,368,361,6 270,361,291,286,6 290,376,302,305,6 358,382,377,372,6
not_annotated/49578682226_8bfab14c91_z.jpg 204,362,249,243,4 290,260,330,312,0
not_annotated/49578682401_a07600229e_z.jpg 242,221,386,310,0 39,0,236,160,0
not_annotated/49578682611_64022d99c1_z.jpg 526,121,625,635,0 385,129,462,464,0 232,71,302,276,0 409,99,484,445,6
not_annotated/49578682991_f89ebdc36b_z.jpg 126,90,202,163,0 413,371,520,491,0 588,366,640,647,0 581,198,640,697,0 527,289,572,616,0 309,319,452,388,0 186,310,235,265,0 500,234,573,542,6 100,0,143,135,6
not_annotated/49578684216_499afb6853_z.jpg 511,213,573,567,0 219,65,249,251,6 365,435,434,409,4
not_annotated/49578684656_e34aec2e93_z.jpg 172,124,268,261,6
not_annotated/49578685186_3c5b99be77_z.jpg 429,314,449,450,6 337,367,351,354,6 89,329,130,120,6
not_annotated/49578686646_c09f49de70_z.jpg 496,402,513,513,0 46,80,70,78,6 214,406,243,275,6
not_annotated/49578688731_8240709ca6_z.jpg 493,103,529,504,6 208,203,244,241,6
not_annotated/49578688916_be338ed53d_z.jpg 265,217,292,283,0 56,232,80,71,6
not_annotated/49578689366_3a00d0c0b0_z.jpg 542,352,604,589,6 205,252,323,295,2 0,281,24,42,6 480,383,640,558,6 75,323,149,109,6 262,379,285,280,6 259,434,283,296,6 219,131,369,265,6
not_annotated/49578690221_d2b0f18307_z.jpg 524,322,589,565,6 383,184,406,407,0 41,56,112,86,6 370,87,401,408,6 370,0,485,385,6 423,155,517,532,0
not_annotated/49578888197_2071bff26f_z.jpg 190,320,216,225,6
not_annotated/49578888852_316fc61664_z.jpg 160,330,251,192,6 27,59,42,36,6
not_annotated/49578889637_da62b9b470_z.jpg 0,532,17,29,6 0,305,127,111,2 278,285,365,327,0 294,532,347,329,6 102,244,166,121,6 253,463,355,310,6 63,491,226,156,1 369,236,480,414,6 167,274,204,189,2
not_annotated/49578890757_1ce40c9e71_z.jpg 241,534,263,263,2 113,394,222,206,0
not_annotated/49578891012_41d27fda1e_z.jpg 277,85,300,290,0 7,200,48,41,6 327,166,338,343,6 259,218,287,281,6 175,272,227,206,6 205,202,269,273,0
not_annotated/49578891307_d58640c5fa_z.jpg 212,52,250,244,6 0,429,31,90,6 335,90,410,370,2 199,293,268,358,0 66,173,177,182,0 197,73,234,231,6 147,500,234,249,6 216,446,301,318,6 183,199,223,223,6 334,218,372,355,6
not_annotated/49578891447_f246b0b056_z.jpg 9,146,44,39,6 0,104,24,27,6 27,215,89,76,6 269,388,308,310,6 199,428,243,225,6 52,152,86,77,6 89,233,137,125,2 103,300,151,143,6 139,265,178,187,2
not_annotated/49578891897_08e26dab3b_z.jpg 137,43,301,231,2 442,291,480,497,6 238,131,316,308,0 417,207,480,500,0 236,228,377,332,0 0,95,43,65,6 23,0,89,65,6 45,61,124,117,6 130,9,208,179,0 303,82,439,358,0 337,12,389,388,2 291,36,331,347,6 258,320,329,284,6 238,472,274,264,6 30,393,49,52,6 231,513,263,282,6 299,361,316,418,0 37,223,119,104,6 233,364,282,254,6 248,86,299,297,0
not_annotated/49578892002_cc104ec741_z.jpg 117,18,187,171,4 36,185,87,98,0 70,304,223,179,0 328,79,377,368,2 312,1,392,350,0 113,460,162,149,6 175,445,236,286,0 164,578,209,226,6 370,381,402,412,6 292,263,358,386,6 55,227,113,137,0 246,226,309,339,0 396,18,460,511,0 87,97,147,133,2 85,141,209,166,0 35,44,142,73,0
not_annotated/49578892392_fa5db75fc8_z.jpg 254,339,345,292,0
not_annotated/49578893342_705528da82_z.jpg 28,435,112,109,6 269,226,316,336,6 169,399,217,263,6 249,502,273,286,6
not_annotated/49578893847_cf752db597_z.jpg 226,388,287,260,0
not_annotated/49578895157_b1d0682d81_z.jpg 323,182,360,339,6 457,282,559,475,6 291,202,306,308,6 320,131,355,348,2 96,66,117,104,6 152,269,226,188,6 0,151,23,16,6 0,115,9,10,6
not_annotated/49578895697_9740748aea_z.jpg 294,55,346,331,6 127,332,269,232,0 242,195,332,261,6 125,77,177,265,6
not_annotated/49578896122_03196eaedc_z.jpg 337,454,405,408,6 142,285,310,302,6 287,615,368,312,6 415,573,480,472,6 339,165,404,390,6 218,455,260,325,0
not_annotated/49578896622_d440f525a5_z.jpg 309,362,352,332,6 399,262,423,416,2
not_annotated/49578896722_da7af1a64b_z.jpg 0,535,37,60,2 118,495,238,211,0 418,425,452,454,4 242,541,277,266,6
not_annotated/49578896807_eae7d006ca_z.jpg 82,350,118,118,6 140,438,169,196,0 1,549,98,91,4
not_annotated/49578896957_0983a64c5a_z.jpg 270,489,303,285,6 376,585,393,415,6 295,443,326,323,2 321,480,345,346,6 304,487,320,344,6 185,483,244,231,0 94,527,128,136,0 228,535,291,259,0 275,468,322,292,0 295,385,357,331,0 304,319,321,319,6
not_annotated/49578897722_085025fd73_z.jpg 294,383,337,327,6
not_annotated/49578898167_c3483eb38a_z.jpg 201,379,234,250,0
not_annotated/49578898222_19f26220fa_z.jpg 212,378,276,251,4 143,205,177,180,6 358,381,414,398,2 266,322,379,383,0
not_annotated/49578898807_58e8d02fa5_z.jpg 260,389,351,306,6 55,463,63,67,6 360,212,401,389,4 286,160,373,351,6 175,78,196,191,0 124,414,166,162,0 308,315,356,380,0 214,435,250,245,6 25,168,73,58,6 155,219,187,188,6 74,164,127,110,6 255,173,289,296,0 156,279,187,183,6 150,328,170,174,6 357,278,383,396,6 455,335,460,465,2 428,295,465,467,6 107,288,129,125,6 136,83,172,157,6 88,436,166,131,6
not_annotated/49578899142_26e1341aa5_z.jpg 183,243,234,258,0 99,237,177,144,6 168,212,235,203,6 95,165,153,166,6 401,131,471,490,6
not_annotated/49578899527_28ea594d38_z.jpg 321,308,410,392,2 52,385,77,80,6 81,313,121,106,6 387,268,435,458,6 148,321,177,191,6 247,283,267,301,0 88,361,240,253,2 434,239,480,511,2 241,396,287,319,0 173,289,246,246,0
not_annotated/49578899802_fe9e61b8f6_z.jpg 245,380,290,295,0 331,401,413,443,0 282,416,376,386,0 28,500,48,50,2 86,348,225,195,6 455,500,479,514,6 404,549,443,432,6
not_annotated/49578900337_bb7aa7b678_z.jpg 72,453,101,99,0 171,328,201,191,6
not_annotated/49578902062_95c0dc1c40_z.jpg 121,267,193,188,6 352,246,434,411,4 0,273,105,47,6 196,275,241,281,6 354,293,422,454,0 365,0,456,377,6 158,58,207,206,0 285,99,365,354,6 200,69,321,286,0 166,359,320,277,0 439,411,480,547,0 346,425,447,409,0 416,335,476,525,0 186,188,305,305,2
not_annotated/49578902282_056dc4ae25_z.jpg 13,256,47,62,0 107,270,175,234,2 52,254,161,246,6
not_annotated/49578902292_7889c08052_z.jpg 266,381,335,358,6 3,184,116,189,6 215,32,279,258,6 575,135,639,627,6 116,240,268,218,0 15,396,59,98,0 49,210,113,140,2 263,268,335,351,0 354,136,546,587,0 355,335,478,414,0 125,69,348,320,0 0,110,59,45,3 566,448,588,592,6 469,361,529,577,0 337,394,435,403,0
not_annotated/49578903757_8d8e5895d8_z.jpg 219,538,310,259,0 194,493,266,250,6
not_annotated/49578904132_7606c2d08e_z.jpg 203,443,254,224,6
not_annotated/49578904302_4b4ac908a8_z.jpg 236,308,268,273,0 429,224,474,454,6
not_annotated/49578904347_2332def152_z.jpg 219,192,265,237,6
not_annotated/49578905662_443c89c3dd_z.jpg 275,500,333,316,6 235,389,343,290,0 285,462,346,324,0 204,431,303,241,0
not_annotated/49578905847_0e8b89146d_z.jpg 564,273,622,610,6 336,157,391,500,0
not_annotated/49578907297_16a863801a_z.jpg 296,453,318,312,6 386,326,417,406,6 259,329,313,268,6 246,223,259,259,6 319,194,397,339,0 63,448,103,94,6
not_annotated/49578907372_2f7ed9c2a7_z.jpg 63,0,115,93,6 326,226,398,372,0 70,127,103,105,6 395,78,449,471,2 156,76,212,202,2 389,43,425,426,2 218,290,272,272,0
not_annotated/49578907597_d06705ec04_z.jpg 58,100,115,117,6 139,54,154,157,6 76,238,98,92,6 0,339,61,111,6 0,324,20,24,6 180,432,233,203,1 177,596,262,220,6 332,395,365,367,0 106,325,273,359,4 168,395,226,200,1 159,452,190,210,1 245,440,252,274,1 137,467,163,158,1 202,484,214,211,1 190,478,206,204,6 163,432,184,201,6 262,442,288,347,6 57,125,94,81,6
not_annotated/49578907917_7ab4537104_z.jpg 191,362,273,285,4 0,434,24,26,2 186,214,216,221,6 36,0,92,63,0 36,436,88,83,6 130,384,196,197,0 176,214,185,186,6 241,486,258,254,6 309,203,323,379,6 340,245,361,372,6 128,551,149,161,4 257,35,320,342,0 344,41,372,379,6 42,251,102,96,0 314,351,340,341,4
not_annotated/49578908387_b20d4edaeb_z.jpg 193,316,240,273,6 418,346,443,452,6
not_annotated/49578909177_ac98727b6d_z.jpg 148,342,301,296,0 30,397,104,114,0 51,493,201,155,0 388,272,444,430,6 412,604,425,429,6 75,356,143,98,2
not_annotated/49578909707_acbb23d207_z.jpg 28,361,149,97,6 196,625,228,211,6 41,599,56,60,6 141,456,223,199,2 267,394,309,307,6
not_annotated/49578910022_5d5595c516_z.jpg 25,46,60,46,0 223,231,276,287,0 347,197,381,374,0 141,10,157,182,0
not_annotated/49578911127_82473c5f3b_z.jpg 267,242,303,299,6 120,111,174,154,3 482,91,502,508,6
not_annotated/49578911742_d584eb0d69_z.jpg 412,165,424,428,4 411,464,448,456,4 96,411,107,107,4 141,130,165,154,6 470,182,480,487,6 248,488,336,299,3 16,103,118,73,4 284,173,298,299,4
not_annotated/49578913472_8f787a508c_z.jpg 252,36,260,261,6 93,223,149,149,0
not_annotated/49578913787_c8ffa9f819_z.jpg 399,148,410,402,6 470,126,480,477,6 404,158,444,415,6 204,210,233,218,6 430,135,462,436,6 343,493,356,355,6 7,385,49,55,6
not_annotated/49578914097_28d98def26_z.jpg 413,254,438,465,6 356,170,385,523,6 526,457,574,549,6
not_annotated/49578914567_3c9711385f_z.jpg 327,108,358,358,4 128,9,148,151,4 459,214,495,513,0 143,288,180,174,4
not_annotated/49578914772_c2660ee643_z.jpg 329,326,347,345,0 397,205,479,422,0
not_annotated/49578915482_70f8e60588_z.jpg 471,22,613,534,2 452,136,481,478,6 592,103,619,608,6 160,143,282,251,4 411,142,463,436,4 434,26,462,454,6 521,330,531,544,6 486,128,524,523,6 420,359,476,472,6 322,310,384,413,0
not_annotated/49578917057_e429778448_z.jpg 117,364,360,197,6 36,515,80,89,0 143,153,291,174,0 73,416,90,94,6 175,484,204,200,6 368,558,383,388,6 131,346,195,155,6